=== spec365 conjunct readout: spec368-plateau4h ===

SectionA: source=matched seq=3116 conj_snapshots_total=3116
epoch | class | open
529 | durability_only | false
530 |  | true
consistency: counted(claim_only=0 durability_only=1 both=0 neither=0) line(claim_only=0 durability_only=1 both=0 neither=0) retained_truncated=false OK

SectionB: where the retained tag tombstones live
B_store=23805
ret_stamped_bytes=23000
ret_stamped_bytes_open_epoch=805
B_index=23805
X=0
X/B_store=0.000000
tau=2380.500
X series (elapsed_secs,X):
0	0
60	0
120	0
180	0
240	21
300	3528
360	0
420	0
480	0
540	0
600	22
660	0
720	0
780	0
840	0
900	9790
960	0
1020	0
1080	0
1140	4708
1200	0
1260	0
1320	0
1380	0
1440	22
1500	0
1560	6160
1620	0
1680	0
1740	0
1800	0
1860	22
1920	17314
1980	22
2040	22
2100	22
2160	0
2220	0
2280	0
2340	0
2400	0
2460	5940
2520	0
2580	0
2640	22
2700	0
2760	16918
2820	0
2880	0
2940	0
3000	0
3060	0
3120	0
3180	13420
3240	0
3300	0
3360	0
3420	0
3480	3740
3540	0
3600	0
3660	4972
3720	0
3780	0
3840	11792
3901	0
3960	0
4021	0
4080	0
4140	23
4200	0
4260	5152
4320	0
4380	0
4440	0
4500	0
4560	12351
4620	0
4680	46
4740	0
4800	0
4860	4416
4920	0
4980	0
5040	0
5100	0
5160	3266
5220	0
5280	21206
5340	0
5400	0
5460	0
5520	23
5580	10166
5640	0
5700	0
5760	0
5820	0
5880	23
5940	0
6000	0
6060	0
6120	0
6180	19021
6240	0
6300	0
6360	23
6420	0
6480	14720
6540	0
6600	0
6660	0
6720	0
6780	0
6840	0
6900	0
6960	3496
7020	0
7080	0
7140	0
7200	4968
7260	0
7320	0
7380	21597
7440	0
7500	0
7560	0
7620	0
7680	23
7740	0
7800	0
7860	0
7920	1058
7980	0
8040	13570
8100	23
8160	0
8220	0
8280	16629
8340	0
8401	0
8460	23
8520	13639
8581	0
8640	14789
8700	0
8760	0
8820	0
8880	12144
8940	0
9000	0
9060	0
9120	0
9180	0
9240	12673
9300	0
9360	0
9420	0
9480	12903
9540	0
9600	2185
9660	0
9720	0
9780	21321
9840	0
9900	0
9960	0
10020	23
10081	0
10140	20999
10200	23
10260	3312
10320	23
10380	0
10440	0
10500	0
10560	19665
10620	0
10680	0
10740	0
10800	12972
10860	0
10920	0
10980	0
11040	8441
11100	0
11160	0
11220	0
11280	0
11340	0
11400	0
11460	17664
11520	0
11580	8188
11640	0
11700	0
11760	0
11820	0
11880	0
11940	0
12000	0
12060	1380
12120	0
12180	0
12240	12558
12300	0
12360	0
12420	21643
12480	0
12540	0
12600	0
12660	0
12720	23
12780	0
12840	23
12900	0
12960	0
13020	12627
13080	2162
13140	0
13200	0
13260	0
13320	0
13380	23
13440	0
13500	13386
13560	0
13620	0
13680	23
13740	9430
13800	0
13860	0
13920	0
13980	18906
14040	0
14100	16376
14160	0
14220	5382
14280	46
14340	21183
14400	0
durable census (post-kill redb, flushed state only): tombstone_entries=1676 or_map_keys=96 keys_with_tombstones=48 max_tombstones_per_key=42

SectionC: per exited epoch reconciliation
epoch | passes | refs_at_entry | refs_returned | bytes_returned | considered | dropped | matched_nothing | absent | restored_sum | bytes_freed | status
2 | 1 | 1000 | 1000 | 19819 | 1000 | 1000 | 0 | 0 | 0 | 19819 | RECONCILED
3 | 1 | 1000 | 1000 | 20535 | 1000 | 1000 | 0 | 0 | 0 | 20535 | RECONCILED
4 | 1 | 1000 | 1000 | 21000 | 1000 | 1000 | 0 | 0 | 0 | 21000 | RECONCILED
5 | 1 | 1000 | 1000 | 21000 | 1000 | 1000 | 0 | 0 | 0 | 21000 | RECONCILED
6 | 1 | 1000 | 1000 | 21000 | 1000 | 1000 | 0 | 0 | 0 | 21000 | RECONCILED
7 | 1 | 1000 | 1000 | 21000 | 1000 | 1000 | 0 | 0 | 0 | 21000 | RECONCILED
8 | 1 | 1000 | 1000 | 21000 | 1000 | 1000 | 0 | 0 | 0 | 21000 | RECONCILED
9 | 1 | 1000 | 1000 | 21000 | 1000 | 1000 | 0 | 0 | 0 | 21000 | RECONCILED
10 | 1 | 1000 | 1000 | 21000 | 1000 | 1000 | 0 | 0 | 0 | 21000 | RECONCILED
11 | 1 | 1000 | 1000 | 21000 | 1000 | 1000 | 0 | 0 | 0 | 21000 | RECONCILED
12 | 1 | 1000 | 1000 | 21000 | 1000 | 1000 | 0 | 0 | 0 | 21000 | RECONCILED
13 | 1 | 1000 | 1000 | 21000 | 1000 | 1000 | 0 | 0 | 0 | 21000 | RECONCILED
14 | 1 | 1000 | 1000 | 21000 | 1000 | 1000 | 0 | 0 | 0 | 21000 | RECONCILED
15 | 1 | 1000 | 1000 | 21000 | 1000 | 1000 | 0 | 0 | 0 | 21000 | RECONCILED
16 | 1 | 1000 | 1000 | 21352 | 1000 | 1000 | 0 | 0 | 0 | 21352 | RECONCILED
17 | 1 | 1000 | 1000 | 22000 | 1000 | 1000 | 0 | 0 | 0 | 22000 | RECONCILED
18 | 1 | 1000 | 1000 | 22000 | 1000 | 1000 | 0 | 0 | 0 | 22000 | RECONCILED
19 | 1 | 1000 | 1000 | 22000 | 1000 | 1000 | 0 | 0 | 0 | 22000 | RECONCILED
20 | 1 | 1000 | 1000 | 22000 | 1000 | 1000 | 0 | 0 | 0 | 22000 | RECONCILED
21 | 1 | 1000 | 1000 | 22000 | 1000 | 1000 | 0 | 0 | 0 | 22000 | RECONCILED
22 | 1 | 1000 | 1000 | 22000 | 1000 | 1000 | 0 | 0 | 0 | 22000 | RECONCILED
23 | 1 | 1000 | 1000 | 22000 | 1000 | 1000 | 0 | 0 | 0 | 22000 | RECONCILED
24 | 1 | 1000 | 1000 | 22000 | 1000 | 1000 | 0 | 0 | 0 | 22000 | RECONCILED
25 | 1 | 1000 | 1000 | 22000 | 1000 | 1000 | 0 | 0 | 0 | 22000 | RECONCILED
26 | 1 | 1000 | 1000 | 22000 | 1000 | 1000 | 0 | 0 | 0 | 22000 | RECONCILED
27 | 1 | 1000 | 1000 | 22000 | 1000 | 1000 | 0 | 0 | 0 | 22000 | RECONCILED
28 | 1 | 1000 | 1000 | 22000 | 1000 | 1000 | 0 | 0 | 0 | 22000 | RECONCILED
29 | 1 | 1000 | 1000 | 22000 | 1000 | 1000 | 0 | 0 | 0 | 22000 | RECONCILED
30 | 1 | 1000 | 1000 | 22000 | 1000 | 1000 | 0 | 0 | 0 | 22000 | RECONCILED
31 | 1 | 1000 | 1000 | 22000 | 1000 | 1000 | 0 | 0 | 0 | 22000 | RECONCILED
32 | 1 | 1000 | 1000 | 22000 | 1000 | 1000 | 0 | 0 | 0 | 22000 | RECONCILED
33 | 1 | 1000 | 1000 | 22000 | 1000 | 1000 | 0 | 0 | 0 | 22000 | RECONCILED
34 | 1 | 1000 | 1000 | 22000 | 1000 | 1000 | 0 | 0 | 0 | 22000 | RECONCILED
35 | 1 | 1000 | 1000 | 22000 | 1000 | 1000 | 0 | 0 | 0 | 22000 | RECONCILED
36 | 1 | 1000 | 1000 | 22000 | 1000 | 1000 | 0 | 0 | 0 | 22000 | RECONCILED
37 | 1 | 1000 | 1000 | 22000 | 1000 | 1000 | 0 | 0 | 0 | 22000 | RECONCILED
38 | 1 | 1000 | 1000 | 22000 | 1000 | 1000 | 0 | 0 | 0 | 22000 | RECONCILED
39 | 1 | 1000 | 1000 | 22000 | 1000 | 1000 | 0 | 0 | 0 | 22000 | RECONCILED
40 | 1 | 1000 | 1000 | 22000 | 1000 | 1000 | 0 | 0 | 0 | 22000 | RECONCILED
41 | 1 | 1000 | 1000 | 22000 | 1000 | 1000 | 0 | 0 | 0 | 22000 | RECONCILED
42 | 1 | 1000 | 1000 | 22000 | 1000 | 1000 | 0 | 0 | 0 | 22000 | RECONCILED
43 | 1 | 1000 | 1000 | 22000 | 1000 | 1000 | 0 | 0 | 0 | 22000 | RECONCILED
44 | 1 | 1000 | 1000 | 22000 | 1000 | 1000 | 0 | 0 | 0 | 22000 | RECONCILED
45 | 1 | 1000 | 1000 | 22000 | 1000 | 1000 | 0 | 0 | 0 | 22000 | RECONCILED
46 | 1 | 1000 | 1000 | 22000 | 1000 | 1000 | 0 | 0 | 0 | 22000 | RECONCILED
47 | 1 | 1000 | 1000 | 22000 | 1000 | 1000 | 0 | 0 | 0 | 22000 | RECONCILED
48 | 1 | 1000 | 1000 | 22000 | 1000 | 1000 | 0 | 0 | 0 | 22000 | RECONCILED
49 | 1 | 1000 | 1000 | 22000 | 1000 | 1000 | 0 | 0 | 0 | 22000 | RECONCILED
50 | 1 | 1000 | 1000 | 22000 | 1000 | 1000 | 0 | 0 | 0 | 22000 | RECONCILED
51 | 1 | 1000 | 1000 | 22000 | 1000 | 1000 | 0 | 0 | 0 | 22000 | RECONCILED
52 | 1 | 1000 | 1000 | 22000 | 1000 | 1000 | 0 | 0 | 0 | 22000 | RECONCILED
53 | 1 | 1000 | 1000 | 22000 | 1000 | 1000 | 0 | 0 | 0 | 22000 | RECONCILED
54 | 1 | 1000 | 1000 | 22000 | 1000 | 1000 | 0 | 0 | 0 | 22000 | RECONCILED
55 | 1 | 1000 | 1000 | 22000 | 1000 | 1000 | 0 | 0 | 0 | 22000 | RECONCILED
56 | 1 | 1000 | 1000 | 22000 | 1000 | 1000 | 0 | 0 | 0 | 22000 | RECONCILED
57 | 1 | 1000 | 1000 | 22000 | 1000 | 1000 | 0 | 0 | 0 | 22000 | RECONCILED
58 | 1 | 1000 | 1000 | 22000 | 1000 | 1000 | 0 | 0 | 0 | 22000 | RECONCILED
59 | 1 | 1000 | 1000 | 22000 | 1000 | 1000 | 0 | 0 | 0 | 22000 | RECONCILED
60 | 1 | 1000 | 1000 | 22000 | 1000 | 1000 | 0 | 0 | 0 | 22000 | RECONCILED
61 | 1 | 1000 | 1000 | 22000 | 1000 | 1000 | 0 | 0 | 0 | 22000 | RECONCILED
62 | 1 | 1000 | 1000 | 22000 | 1000 | 1000 | 0 | 0 | 0 | 22000 | RECONCILED
63 | 1 | 1000 | 1000 | 22000 | 1000 | 1000 | 0 | 0 | 0 | 22000 | RECONCILED
64 | 1 | 1000 | 1000 | 22000 | 1000 | 1000 | 0 | 0 | 0 | 22000 | RECONCILED
65 | 1 | 1000 | 1000 | 22000 | 1000 | 1000 | 0 | 0 | 0 | 22000 | RECONCILED
66 | 1 | 1000 | 1000 | 22000 | 1000 | 1000 | 0 | 0 | 0 | 22000 | RECONCILED
67 | 1 | 1000 | 1000 | 22000 | 1000 | 1000 | 0 | 0 | 0 | 22000 | RECONCILED
68 | 1 | 1000 | 1000 | 22000 | 1000 | 1000 | 0 | 0 | 0 | 22000 | RECONCILED
69 | 1 | 1000 | 1000 | 22000 | 1000 | 1000 | 0 | 0 | 0 | 22000 | RECONCILED
70 | 1 | 1000 | 1000 | 22000 | 1000 | 1000 | 0 | 0 | 0 | 22000 | RECONCILED
71 | 1 | 1000 | 1000 | 22000 | 1000 | 1000 | 0 | 0 | 0 | 22000 | RECONCILED
72 | 1 | 1000 | 1000 | 22000 | 1000 | 1000 | 0 | 0 | 0 | 22000 | RECONCILED
73 | 1 | 1000 | 1000 | 22000 | 1000 | 1000 | 0 | 0 | 0 | 22000 | RECONCILED
74 | 1 | 1000 | 1000 | 22000 | 1000 | 1000 | 0 | 0 | 0 | 22000 | RECONCILED
75 | 1 | 1000 | 1000 | 22000 | 1000 | 1000 | 0 | 0 | 0 | 22000 | RECONCILED
76 | 1 | 1000 | 1000 | 22000 | 1000 | 1000 | 0 | 0 | 0 | 22000 | RECONCILED
77 | 1 | 1000 | 1000 | 22000 | 1000 | 1000 | 0 | 0 | 0 | 22000 | RECONCILED
78 | 1 | 1000 | 1000 | 22000 | 1000 | 1000 | 0 | 0 | 0 | 22000 | RECONCILED
79 | 1 | 1000 | 1000 | 22000 | 1000 | 1000 | 0 | 0 | 0 | 22000 | RECONCILED
80 | 1 | 1000 | 1000 | 22000 | 1000 | 1000 | 0 | 0 | 0 | 22000 | RECONCILED
81 | 1 | 1000 | 1000 | 22000 | 1000 | 1000 | 0 | 0 | 0 | 22000 | RECONCILED
82 | 1 | 1000 | 1000 | 22000 | 1000 | 1000 | 0 | 0 | 0 | 22000 | RECONCILED
83 | 1 | 1000 | 1000 | 22000 | 1000 | 1000 | 0 | 0 | 0 | 22000 | RECONCILED
84 | 1 | 1000 | 1000 | 22000 | 1000 | 1000 | 0 | 0 | 0 | 22000 | RECONCILED
85 | 1 | 1000 | 1000 | 22000 | 1000 | 1000 | 0 | 0 | 0 | 22000 | RECONCILED
86 | 1 | 1000 | 1000 | 22000 | 1000 | 1000 | 0 | 0 | 0 | 22000 | RECONCILED
87 | 1 | 1000 | 1000 | 22000 | 1000 | 1000 | 0 | 0 | 0 | 22000 | RECONCILED
88 | 1 | 1000 | 1000 | 22000 | 1000 | 1000 | 0 | 0 | 0 | 22000 | RECONCILED
89 | 1 | 1000 | 1000 | 22000 | 1000 | 1000 | 0 | 0 | 0 | 22000 | RECONCILED
90 | 1 | 1000 | 1000 | 22000 | 1000 | 1000 | 0 | 0 | 0 | 22000 | RECONCILED
91 | 1 | 1000 | 1000 | 22000 | 1000 | 1000 | 0 | 0 | 0 | 22000 | RECONCILED
92 | 1 | 1000 | 1000 | 22000 | 1000 | 1000 | 0 | 0 | 0 | 22000 | RECONCILED
93 | 1 | 1000 | 1000 | 22000 | 1000 | 1000 | 0 | 0 | 0 | 22000 | RECONCILED
94 | 1 | 1000 | 1000 | 22000 | 1000 | 1000 | 0 | 0 | 0 | 22000 | RECONCILED
95 | 1 | 1000 | 1000 | 22000 | 1000 | 1000 | 0 | 0 | 0 | 22000 | RECONCILED
96 | 1 | 1000 | 1000 | 22000 | 1000 | 1000 | 0 | 0 | 0 | 22000 | RECONCILED
97 | 1 | 1000 | 1000 | 22000 | 1000 | 1000 | 0 | 0 | 0 | 22000 | RECONCILED
98 | 1 | 1000 | 1000 | 22000 | 1000 | 1000 | 0 | 0 | 0 | 22000 | RECONCILED
99 | 1 | 1000 | 1000 | 22000 | 1000 | 1000 | 0 | 0 | 0 | 22000 | RECONCILED
100 | 1 | 1000 | 1000 | 22000 | 1000 | 1000 | 0 | 0 | 0 | 22000 | RECONCILED
101 | 1 | 1000 | 1000 | 22000 | 1000 | 1000 | 0 | 0 | 0 | 22000 | RECONCILED
102 | 1 | 1000 | 1000 | 22000 | 1000 | 1000 | 0 | 0 | 0 | 22000 | RECONCILED
103 | 1 | 1000 | 1000 | 22000 | 1000 | 1000 | 0 | 0 | 0 | 22000 | RECONCILED
104 | 1 | 1000 | 1000 | 22000 | 1000 | 1000 | 0 | 0 | 0 | 22000 | RECONCILED
105 | 1 | 1000 | 1000 | 22000 | 1000 | 1000 | 0 | 0 | 0 | 22000 | RECONCILED
106 | 1 | 1000 | 1000 | 22000 | 1000 | 1000 | 0 | 0 | 0 | 22000 | RECONCILED
107 | 1 | 1000 | 1000 | 22000 | 1000 | 1000 | 0 | 0 | 0 | 22000 | RECONCILED
108 | 1 | 1000 | 1000 | 22000 | 1000 | 1000 | 0 | 0 | 0 | 22000 | RECONCILED
109 | 1 | 1000 | 1000 | 22000 | 1000 | 1000 | 0 | 0 | 0 | 22000 | RECONCILED
110 | 1 | 1000 | 1000 | 22000 | 1000 | 1000 | 0 | 0 | 0 | 22000 | RECONCILED
111 | 1 | 1000 | 1000 | 22000 | 1000 | 1000 | 0 | 0 | 0 | 22000 | RECONCILED
112 | 1 | 1000 | 1000 | 22000 | 1000 | 1000 | 0 | 0 | 0 | 22000 | RECONCILED
113 | 1 | 1000 | 1000 | 22000 | 1000 | 1000 | 0 | 0 | 0 | 22000 | RECONCILED
114 | 1 | 1000 | 1000 | 22000 | 1000 | 1000 | 0 | 0 | 0 | 22000 | RECONCILED
115 | 1 | 1000 | 1000 | 22000 | 1000 | 1000 | 0 | 0 | 0 | 22000 | RECONCILED
116 | 1 | 1000 | 1000 | 22000 | 1000 | 1000 | 0 | 0 | 0 | 22000 | RECONCILED
117 | 1 | 1000 | 1000 | 22000 | 1000 | 1000 | 0 | 0 | 0 | 22000 | RECONCILED
118 | 1 | 1000 | 1000 | 22000 | 1000 | 1000 | 0 | 0 | 0 | 22000 | RECONCILED
119 | 1 | 1000 | 1000 | 22000 | 1000 | 1000 | 0 | 0 | 0 | 22000 | RECONCILED
120 | 1 | 1000 | 1000 | 22000 | 1000 | 1000 | 0 | 0 | 0 | 22000 | RECONCILED
121 | 1 | 1000 | 1000 | 22000 | 1000 | 1000 | 0 | 0 | 0 | 22000 | RECONCILED
122 | 1 | 1000 | 1000 | 22000 | 1000 | 1000 | 0 | 0 | 0 | 22000 | RECONCILED
123 | 1 | 1000 | 1000 | 22000 | 1000 | 1000 | 0 | 0 | 0 | 22000 | RECONCILED
124 | 1 | 1000 | 1000 | 22000 | 1000 | 1000 | 0 | 0 | 0 | 22000 | RECONCILED
125 | 1 | 1000 | 1000 | 22000 | 1000 | 1000 | 0 | 0 | 0 | 22000 | RECONCILED
126 | 1 | 1000 | 1000 | 22000 | 1000 | 1000 | 0 | 0 | 0 | 22000 | RECONCILED
127 | 1 | 1000 | 1000 | 22000 | 1000 | 1000 | 0 | 0 | 0 | 22000 | RECONCILED
128 | 1 | 1000 | 1000 | 22000 | 1000 | 1000 | 0 | 0 | 0 | 22000 | RECONCILED
129 | 1 | 1000 | 1000 | 22000 | 1000 | 1000 | 0 | 0 | 0 | 22000 | RECONCILED
130 | 1 | 1000 | 1000 | 22000 | 1000 | 1000 | 0 | 0 | 0 | 22000 | RECONCILED
131 | 1 | 1000 | 1000 | 22000 | 1000 | 1000 | 0 | 0 | 0 | 22000 | RECONCILED
132 | 1 | 1000 | 1000 | 22000 | 1000 | 1000 | 0 | 0 | 0 | 22000 | RECONCILED
133 | 1 | 1000 | 1000 | 22000 | 1000 | 1000 | 0 | 0 | 0 | 22000 | RECONCILED
134 | 1 | 1000 | 1000 | 22000 | 1000 | 1000 | 0 | 0 | 0 | 22000 | RECONCILED
135 | 1 | 1000 | 1000 | 22000 | 1000 | 1000 | 0 | 0 | 0 | 22000 | RECONCILED
136 | 1 | 1000 | 1000 | 22000 | 1000 | 1000 | 0 | 0 | 0 | 22000 | RECONCILED
137 | 1 | 1000 | 1000 | 22000 | 1000 | 1000 | 0 | 0 | 0 | 22000 | RECONCILED
138 | 1 | 1000 | 1000 | 22000 | 1000 | 1000 | 0 | 0 | 0 | 22000 | RECONCILED
139 | 1 | 1000 | 1000 | 22000 | 1000 | 1000 | 0 | 0 | 0 | 22000 | RECONCILED
140 | 1 | 1000 | 1000 | 22000 | 1000 | 1000 | 0 | 0 | 0 | 22000 | RECONCILED
141 | 1 | 1000 | 1000 | 22000 | 1000 | 1000 | 0 | 0 | 0 | 22000 | RECONCILED
142 | 1 | 1000 | 1000 | 22000 | 1000 | 1000 | 0 | 0 | 0 | 22000 | RECONCILED
143 | 1 | 1000 | 1000 | 22000 | 1000 | 1000 | 0 | 0 | 0 | 22000 | RECONCILED
144 | 1 | 1000 | 1000 | 22000 | 1000 | 1000 | 0 | 0 | 0 | 22000 | RECONCILED
145 | 1 | 1000 | 1000 | 22000 | 1000 | 1000 | 0 | 0 | 0 | 22000 | RECONCILED
146 | 1 | 1000 | 1000 | 22000 | 1000 | 1000 | 0 | 0 | 0 | 22000 | RECONCILED
147 | 1 | 1000 | 1000 | 22000 | 1000 | 1000 | 0 | 0 | 0 | 22000 | RECONCILED
148 | 1 | 1000 | 1000 | 22648 | 1000 | 1000 | 0 | 0 | 0 | 22648 | RECONCILED
149 | 1 | 1000 | 1000 | 23000 | 1000 | 1000 | 0 | 0 | 0 | 23000 | RECONCILED
150 | 1 | 1000 | 1000 | 23000 | 1000 | 1000 | 0 | 0 | 0 | 23000 | RECONCILED
151 | 1 | 1000 | 1000 | 23000 | 1000 | 1000 | 0 | 0 | 0 | 23000 | RECONCILED
152 | 1 | 1000 | 1000 | 23000 | 1000 | 1000 | 0 | 0 | 0 | 23000 | RECONCILED
153 | 1 | 1000 | 1000 | 23000 | 1000 | 1000 | 0 | 0 | 0 | 23000 | RECONCILED
154 | 1 | 1000 | 1000 | 23000 | 1000 | 1000 | 0 | 0 | 0 | 23000 | RECONCILED
155 | 1 | 1000 | 1000 | 23000 | 1000 | 1000 | 0 | 0 | 0 | 23000 | RECONCILED
156 | 1 | 1000 | 1000 | 23000 | 1000 | 1000 | 0 | 0 | 0 | 23000 | RECONCILED
157 | 1 | 1000 | 1000 | 23000 | 1000 | 1000 | 0 | 0 | 0 | 23000 | RECONCILED
158 | 1 | 1000 | 1000 | 23000 | 1000 | 1000 | 0 | 0 | 0 | 23000 | RECONCILED
159 | 1 | 1000 | 1000 | 23000 | 1000 | 1000 | 0 | 0 | 0 | 23000 | RECONCILED
160 | 1 | 1000 | 1000 | 23000 | 1000 | 1000 | 0 | 0 | 0 | 23000 | RECONCILED
161 | 1 | 1000 | 1000 | 23000 | 1000 | 1000 | 0 | 0 | 0 | 23000 | RECONCILED
162 | 1 | 1000 | 1000 | 23000 | 1000 | 1000 | 0 | 0 | 0 | 23000 | RECONCILED
163 | 1 | 1000 | 1000 | 23000 | 1000 | 1000 | 0 | 0 | 0 | 23000 | RECONCILED
164 | 1 | 1000 | 1000 | 23000 | 1000 | 1000 | 0 | 0 | 0 | 23000 | RECONCILED
165 | 1 | 1000 | 1000 | 23000 | 1000 | 1000 | 0 | 0 | 0 | 23000 | RECONCILED
166 | 1 | 1000 | 1000 | 23000 | 1000 | 1000 | 0 | 0 | 0 | 23000 | RECONCILED
167 | 1 | 1000 | 1000 | 23000 | 1000 | 1000 | 0 | 0 | 0 | 23000 | RECONCILED
168 | 1 | 1000 | 1000 | 23000 | 1000 | 1000 | 0 | 0 | 0 | 23000 | RECONCILED
169 | 1 | 1000 | 1000 | 23000 | 1000 | 1000 | 0 | 0 | 0 | 23000 | RECONCILED
170 | 1 | 1000 | 1000 | 23000 | 1000 | 1000 | 0 | 0 | 0 | 23000 | RECONCILED
171 | 1 | 1000 | 1000 | 23000 | 1000 | 1000 | 0 | 0 | 0 | 23000 | RECONCILED
172 | 1 | 1000 | 1000 | 23000 | 1000 | 1000 | 0 | 0 | 0 | 23000 | RECONCILED
173 | 1 | 1000 | 1000 | 23000 | 1000 | 1000 | 0 | 0 | 0 | 23000 | RECONCILED
174 | 1 | 1000 | 1000 | 23000 | 1000 | 1000 | 0 | 0 | 0 | 23000 | RECONCILED
175 | 1 | 1000 | 1000 | 23000 | 1000 | 1000 | 0 | 0 | 0 | 23000 | RECONCILED
176 | 1 | 1000 | 1000 | 23000 | 1000 | 1000 | 0 | 0 | 0 | 23000 | RECONCILED
177 | 1 | 1000 | 1000 | 23000 | 1000 | 1000 | 0 | 0 | 0 | 23000 | RECONCILED
178 | 1 | 1000 | 1000 | 23000 | 1000 | 1000 | 0 | 0 | 0 | 23000 | RECONCILED
179 | 1 | 1000 | 1000 | 23000 | 1000 | 1000 | 0 | 0 | 0 | 23000 | RECONCILED
180 | 1 | 1000 | 1000 | 23000 | 1000 | 1000 | 0 | 0 | 0 | 23000 | RECONCILED
181 | 1 | 1000 | 1000 | 23000 | 1000 | 1000 | 0 | 0 | 0 | 23000 | RECONCILED
182 | 1 | 1000 | 1000 | 23000 | 1000 | 1000 | 0 | 0 | 0 | 23000 | RECONCILED
183 | 1 | 1000 | 1000 | 23000 | 1000 | 1000 | 0 | 0 | 0 | 23000 | RECONCILED
184 | 1 | 1000 | 1000 | 23000 | 1000 | 1000 | 0 | 0 | 0 | 23000 | RECONCILED
185 | 1 | 1000 | 1000 | 23000 | 1000 | 1000 | 0 | 0 | 0 | 23000 | RECONCILED
186 | 1 | 1000 | 1000 | 23000 | 1000 | 1000 | 0 | 0 | 0 | 23000 | RECONCILED
187 | 1 | 1000 | 1000 | 23000 | 1000 | 1000 | 0 | 0 | 0 | 23000 | RECONCILED
188 | 1 | 1000 | 1000 | 23000 | 1000 | 1000 | 0 | 0 | 0 | 23000 | RECONCILED
189 | 1 | 1000 | 1000 | 23000 | 1000 | 1000 | 0 | 0 | 0 | 23000 | RECONCILED
190 | 1 | 1000 | 1000 | 23000 | 1000 | 1000 | 0 | 0 | 0 | 23000 | RECONCILED
191 | 1 | 1000 | 1000 | 23000 | 1000 | 1000 | 0 | 0 | 0 | 23000 | RECONCILED
192 | 1 | 1000 | 1000 | 23000 | 1000 | 1000 | 0 | 0 | 0 | 23000 | RECONCILED
193 | 1 | 1000 | 1000 | 23000 | 1000 | 1000 | 0 | 0 | 0 | 23000 | RECONCILED
194 | 1 | 1000 | 1000 | 23000 | 1000 | 1000 | 0 | 0 | 0 | 23000 | RECONCILED
195 | 1 | 1000 | 1000 | 23000 | 1000 | 1000 | 0 | 0 | 0 | 23000 | RECONCILED
196 | 1 | 1000 | 1000 | 23000 | 1000 | 1000 | 0 | 0 | 0 | 23000 | RECONCILED
197 | 1 | 1000 | 1000 | 23000 | 1000 | 1000 | 0 | 0 | 0 | 23000 | RECONCILED
198 | 1 | 1000 | 1000 | 23000 | 1000 | 1000 | 0 | 0 | 0 | 23000 | RECONCILED
199 | 1 | 1000 | 1000 | 23000 | 1000 | 1000 | 0 | 0 | 0 | 23000 | RECONCILED
200 | 1 | 1000 | 1000 | 23000 | 1000 | 1000 | 0 | 0 | 0 | 23000 | RECONCILED
201 | 1 | 1000 | 1000 | 23000 | 1000 | 1000 | 0 | 0 | 0 | 23000 | RECONCILED
202 | 1 | 1000 | 1000 | 23000 | 1000 | 1000 | 0 | 0 | 0 | 23000 | RECONCILED
203 | 1 | 1000 | 1000 | 23000 | 1000 | 1000 | 0 | 0 | 0 | 23000 | RECONCILED
204 | 1 | 1000 | 1000 | 23000 | 1000 | 1000 | 0 | 0 | 0 | 23000 | RECONCILED
205 | 1 | 1000 | 1000 | 23000 | 1000 | 1000 | 0 | 0 | 0 | 23000 | RECONCILED
206 | 1 | 1000 | 1000 | 23000 | 1000 | 1000 | 0 | 0 | 0 | 23000 | RECONCILED
207 | 1 | 1000 | 1000 | 23000 | 1000 | 1000 | 0 | 0 | 0 | 23000 | RECONCILED
208 | 1 | 1000 | 1000 | 23000 | 1000 | 1000 | 0 | 0 | 0 | 23000 | RECONCILED
209 | 1 | 1000 | 1000 | 23000 | 1000 | 1000 | 0 | 0 | 0 | 23000 | RECONCILED
210 | 1 | 1000 | 1000 | 23000 | 1000 | 1000 | 0 | 0 | 0 | 23000 | RECONCILED
211 | 1 | 1000 | 1000 | 23000 | 1000 | 1000 | 0 | 0 | 0 | 23000 | RECONCILED
212 | 1 | 1000 | 1000 | 23000 | 1000 | 1000 | 0 | 0 | 0 | 23000 | RECONCILED
213 | 1 | 1000 | 1000 | 23000 | 1000 | 1000 | 0 | 0 | 0 | 23000 | RECONCILED
214 | 1 | 1000 | 1000 | 23000 | 1000 | 1000 | 0 | 0 | 0 | 23000 | RECONCILED
215 | 1 | 1000 | 1000 | 23000 | 1000 | 1000 | 0 | 0 | 0 | 23000 | RECONCILED
216 | 1 | 1000 | 1000 | 23000 | 1000 | 1000 | 0 | 0 | 0 | 23000 | RECONCILED
217 | 1 | 1000 | 1000 | 23000 | 1000 | 1000 | 0 | 0 | 0 | 23000 | RECONCILED
218 | 1 | 1000 | 1000 | 23000 | 1000 | 1000 | 0 | 0 | 0 | 23000 | RECONCILED
219 | 1 | 1000 | 1000 | 23000 | 1000 | 1000 | 0 | 0 | 0 | 23000 | RECONCILED
220 | 1 | 1000 | 1000 | 23000 | 1000 | 1000 | 0 | 0 | 0 | 23000 | RECONCILED
221 | 1 | 1000 | 1000 | 23000 | 1000 | 1000 | 0 | 0 | 0 | 23000 | RECONCILED
222 | 1 | 1000 | 1000 | 23000 | 1000 | 1000 | 0 | 0 | 0 | 23000 | RECONCILED
223 | 1 | 1000 | 1000 | 23000 | 1000 | 1000 | 0 | 0 | 0 | 23000 | RECONCILED
224 | 1 | 1000 | 1000 | 23000 | 1000 | 1000 | 0 | 0 | 0 | 23000 | RECONCILED
225 | 1 | 1000 | 1000 | 23000 | 1000 | 1000 | 0 | 0 | 0 | 23000 | RECONCILED
226 | 1 | 1000 | 1000 | 23000 | 1000 | 1000 | 0 | 0 | 0 | 23000 | RECONCILED
227 | 1 | 1000 | 1000 | 23000 | 1000 | 1000 | 0 | 0 | 0 | 23000 | RECONCILED
228 | 1 | 1000 | 1000 | 23000 | 1000 | 1000 | 0 | 0 | 0 | 23000 | RECONCILED
229 | 1 | 1000 | 1000 | 23000 | 1000 | 1000 | 0 | 0 | 0 | 23000 | RECONCILED
230 | 1 | 1000 | 1000 | 23000 | 1000 | 1000 | 0 | 0 | 0 | 23000 | RECONCILED
231 | 1 | 1000 | 1000 | 23000 | 1000 | 1000 | 0 | 0 | 0 | 23000 | RECONCILED
232 | 1 | 1000 | 1000 | 23000 | 1000 | 1000 | 0 | 0 | 0 | 23000 | RECONCILED
233 | 1 | 1000 | 1000 | 23000 | 1000 | 1000 | 0 | 0 | 0 | 23000 | RECONCILED
234 | 1 | 1000 | 1000 | 23000 | 1000 | 1000 | 0 | 0 | 0 | 23000 | RECONCILED
235 | 1 | 1000 | 1000 | 23000 | 1000 | 1000 | 0 | 0 | 0 | 23000 | RECONCILED
236 | 1 | 1000 | 1000 | 23000 | 1000 | 1000 | 0 | 0 | 0 | 23000 | RECONCILED
237 | 1 | 1000 | 1000 | 23000 | 1000 | 1000 | 0 | 0 | 0 | 23000 | RECONCILED
238 | 1 | 1000 | 1000 | 23000 | 1000 | 1000 | 0 | 0 | 0 | 23000 | RECONCILED
239 | 1 | 1000 | 1000 | 23000 | 1000 | 1000 | 0 | 0 | 0 | 23000 | RECONCILED
240 | 1 | 1000 | 1000 | 23000 | 1000 | 1000 | 0 | 0 | 0 | 23000 | RECONCILED
241 | 1 | 1000 | 1000 | 23000 | 1000 | 1000 | 0 | 0 | 0 | 23000 | RECONCILED
242 | 1 | 1000 | 1000 | 23000 | 1000 | 1000 | 0 | 0 | 0 | 23000 | RECONCILED
243 | 1 | 1000 | 1000 | 23000 | 1000 | 1000 | 0 | 0 | 0 | 23000 | RECONCILED
244 | 1 | 1000 | 1000 | 23000 | 1000 | 1000 | 0 | 0 | 0 | 23000 | RECONCILED
245 | 1 | 1000 | 1000 | 23000 | 1000 | 1000 | 0 | 0 | 0 | 23000 | RECONCILED
246 | 1 | 1000 | 1000 | 23000 | 1000 | 1000 | 0 | 0 | 0 | 23000 | RECONCILED
247 | 1 | 1000 | 1000 | 23000 | 1000 | 1000 | 0 | 0 | 0 | 23000 | RECONCILED
248 | 1 | 1000 | 1000 | 23000 | 1000 | 1000 | 0 | 0 | 0 | 23000 | RECONCILED
249 | 1 | 1000 | 1000 | 23000 | 1000 | 1000 | 0 | 0 | 0 | 23000 | RECONCILED
250 | 1 | 1000 | 1000 | 23000 | 1000 | 1000 | 0 | 0 | 0 | 23000 | RECONCILED
251 | 1 | 1000 | 1000 | 23000 | 1000 | 1000 | 0 | 0 | 0 | 23000 | RECONCILED
252 | 1 | 1000 | 1000 | 23000 | 1000 | 1000 | 0 | 0 | 0 | 23000 | RECONCILED
253 | 1 | 1000 | 1000 | 23000 | 1000 | 1000 | 0 | 0 | 0 | 23000 | RECONCILED
254 | 1 | 1000 | 1000 | 23000 | 1000 | 1000 | 0 | 0 | 0 | 23000 | RECONCILED
255 | 1 | 1000 | 1000 | 23000 | 1000 | 1000 | 0 | 0 | 0 | 23000 | RECONCILED
256 | 1 | 1000 | 1000 | 23000 | 1000 | 1000 | 0 | 0 | 0 | 23000 | RECONCILED
257 | 1 | 1000 | 1000 | 23000 | 1000 | 1000 | 0 | 0 | 0 | 23000 | RECONCILED
258 | 1 | 1000 | 1000 | 23000 | 1000 | 1000 | 0 | 0 | 0 | 23000 | RECONCILED
259 | 1 | 1000 | 1000 | 23000 | 1000 | 1000 | 0 | 0 | 0 | 23000 | RECONCILED
260 | 1 | 1000 | 1000 | 23000 | 1000 | 1000 | 0 | 0 | 0 | 23000 | RECONCILED
261 | 1 | 1000 | 1000 | 23000 | 1000 | 1000 | 0 | 0 | 0 | 23000 | RECONCILED
262 | 1 | 1000 | 1000 | 23000 | 1000 | 1000 | 0 | 0 | 0 | 23000 | RECONCILED
263 | 1 | 1000 | 1000 | 23000 | 1000 | 1000 | 0 | 0 | 0 | 23000 | RECONCILED
264 | 1 | 1000 | 1000 | 23000 | 1000 | 1000 | 0 | 0 | 0 | 23000 | RECONCILED
265 | 1 | 1000 | 1000 | 23000 | 1000 | 1000 | 0 | 0 | 0 | 23000 | RECONCILED
266 | 1 | 1000 | 1000 | 23000 | 1000 | 1000 | 0 | 0 | 0 | 23000 | RECONCILED
267 | 1 | 1000 | 1000 | 23000 | 1000 | 1000 | 0 | 0 | 0 | 23000 | RECONCILED
268 | 1 | 1000 | 1000 | 23000 | 1000 | 1000 | 0 | 0 | 0 | 23000 | RECONCILED
269 | 1 | 1000 | 1000 | 23000 | 1000 | 1000 | 0 | 0 | 0 | 23000 | RECONCILED
270 | 1 | 1000 | 1000 | 23000 | 1000 | 1000 | 0 | 0 | 0 | 23000 | RECONCILED
271 | 1 | 1000 | 1000 | 23000 | 1000 | 1000 | 0 | 0 | 0 | 23000 | RECONCILED
272 | 1 | 1000 | 1000 | 23000 | 1000 | 1000 | 0 | 0 | 0 | 23000 | RECONCILED
273 | 1 | 1000 | 1000 | 23000 | 1000 | 1000 | 0 | 0 | 0 | 23000 | RECONCILED
274 | 1 | 1000 | 1000 | 23000 | 1000 | 1000 | 0 | 0 | 0 | 23000 | RECONCILED
275 | 1 | 1000 | 1000 | 23000 | 1000 | 1000 | 0 | 0 | 0 | 23000 | RECONCILED
276 | 1 | 1000 | 1000 | 23000 | 1000 | 1000 | 0 | 0 | 0 | 23000 | RECONCILED
277 | 1 | 1000 | 1000 | 23000 | 1000 | 1000 | 0 | 0 | 0 | 23000 | RECONCILED
278 | 1 | 1000 | 1000 | 23000 | 1000 | 1000 | 0 | 0 | 0 | 23000 | RECONCILED
279 | 1 | 1000 | 1000 | 23000 | 1000 | 1000 | 0 | 0 | 0 | 23000 | RECONCILED
280 | 1 | 1000 | 1000 | 23000 | 1000 | 1000 | 0 | 0 | 0 | 23000 | RECONCILED
281 | 1 | 1000 | 1000 | 23000 | 1000 | 1000 | 0 | 0 | 0 | 23000 | RECONCILED
282 | 1 | 1000 | 1000 | 23000 | 1000 | 1000 | 0 | 0 | 0 | 23000 | RECONCILED
283 | 1 | 1000 | 1000 | 23000 | 1000 | 1000 | 0 | 0 | 0 | 23000 | RECONCILED
284 | 1 | 1000 | 1000 | 23000 | 1000 | 1000 | 0 | 0 | 0 | 23000 | RECONCILED
285 | 1 | 1000 | 1000 | 23000 | 1000 | 1000 | 0 | 0 | 0 | 23000 | RECONCILED
286 | 1 | 1000 | 1000 | 23000 | 1000 | 1000 | 0 | 0 | 0 | 23000 | RECONCILED
287 | 1 | 1000 | 1000 | 23000 | 1000 | 1000 | 0 | 0 | 0 | 23000 | RECONCILED
288 | 1 | 1000 | 1000 | 23000 | 1000 | 1000 | 0 | 0 | 0 | 23000 | RECONCILED
289 | 1 | 1000 | 1000 | 23000 | 1000 | 1000 | 0 | 0 | 0 | 23000 | RECONCILED
290 | 1 | 1000 | 1000 | 23000 | 1000 | 1000 | 0 | 0 | 0 | 23000 | RECONCILED
291 | 1 | 1000 | 1000 | 23000 | 1000 | 1000 | 0 | 0 | 0 | 23000 | RECONCILED
292 | 1 | 1000 | 1000 | 23000 | 1000 | 1000 | 0 | 0 | 0 | 23000 | RECONCILED
293 | 1 | 1000 | 1000 | 23000 | 1000 | 1000 | 0 | 0 | 0 | 23000 | RECONCILED
294 | 1 | 1000 | 1000 | 23000 | 1000 | 1000 | 0 | 0 | 0 | 23000 | RECONCILED
295 | 1 | 1000 | 1000 | 23000 | 1000 | 1000 | 0 | 0 | 0 | 23000 | RECONCILED
296 | 1 | 1000 | 1000 | 23000 | 1000 | 1000 | 0 | 0 | 0 | 23000 | RECONCILED
297 | 1 | 1000 | 1000 | 23000 | 1000 | 1000 | 0 | 0 | 0 | 23000 | RECONCILED
298 | 1 | 1000 | 1000 | 23000 | 1000 | 1000 | 0 | 0 | 0 | 23000 | RECONCILED
299 | 1 | 1000 | 1000 | 23000 | 1000 | 1000 | 0 | 0 | 0 | 23000 | RECONCILED
300 | 1 | 1000 | 1000 | 23000 | 1000 | 1000 | 0 | 0 | 0 | 23000 | RECONCILED
301 | 1 | 1000 | 1000 | 23000 | 1000 | 1000 | 0 | 0 | 0 | 23000 | RECONCILED
302 | 1 | 1000 | 1000 | 23000 | 1000 | 1000 | 0 | 0 | 0 | 23000 | RECONCILED
303 | 1 | 1000 | 1000 | 23000 | 1000 | 1000 | 0 | 0 | 0 | 23000 | RECONCILED
304 | 1 | 1000 | 1000 | 23000 | 1000 | 1000 | 0 | 0 | 0 | 23000 | RECONCILED
305 | 1 | 1000 | 1000 | 23000 | 1000 | 1000 | 0 | 0 | 0 | 23000 | RECONCILED
306 | 1 | 1000 | 1000 | 23000 | 1000 | 1000 | 0 | 0 | 0 | 23000 | RECONCILED
307 | 1 | 1000 | 1000 | 23000 | 1000 | 1000 | 0 | 0 | 0 | 23000 | RECONCILED
308 | 1 | 1000 | 1000 | 23000 | 1000 | 1000 | 0 | 0 | 0 | 23000 | RECONCILED
309 | 1 | 1000 | 1000 | 23000 | 1000 | 1000 | 0 | 0 | 0 | 23000 | RECONCILED
310 | 1 | 1000 | 1000 | 23000 | 1000 | 1000 | 0 | 0 | 0 | 23000 | RECONCILED
311 | 1 | 1000 | 1000 | 23000 | 1000 | 1000 | 0 | 0 | 0 | 23000 | RECONCILED
312 | 1 | 1000 | 1000 | 23000 | 1000 | 1000 | 0 | 0 | 0 | 23000 | RECONCILED
313 | 1 | 1000 | 1000 | 23000 | 1000 | 1000 | 0 | 0 | 0 | 23000 | RECONCILED
314 | 1 | 1000 | 1000 | 23000 | 1000 | 1000 | 0 | 0 | 0 | 23000 | RECONCILED
315 | 1 | 1000 | 1000 | 23000 | 1000 | 1000 | 0 | 0 | 0 | 23000 | RECONCILED
316 | 1 | 1000 | 1000 | 23000 | 1000 | 1000 | 0 | 0 | 0 | 23000 | RECONCILED
317 | 1 | 1000 | 1000 | 23000 | 1000 | 1000 | 0 | 0 | 0 | 23000 | RECONCILED
318 | 1 | 1000 | 1000 | 23000 | 1000 | 1000 | 0 | 0 | 0 | 23000 | RECONCILED
319 | 1 | 1000 | 1000 | 23000 | 1000 | 1000 | 0 | 0 | 0 | 23000 | RECONCILED
320 | 1 | 1000 | 1000 | 23000 | 1000 | 1000 | 0 | 0 | 0 | 23000 | RECONCILED
321 | 1 | 1000 | 1000 | 23000 | 1000 | 1000 | 0 | 0 | 0 | 23000 | RECONCILED
322 | 1 | 1000 | 1000 | 23000 | 1000 | 1000 | 0 | 0 | 0 | 23000 | RECONCILED
323 | 1 | 1000 | 1000 | 23000 | 1000 | 1000 | 0 | 0 | 0 | 23000 | RECONCILED
324 | 1 | 1000 | 1000 | 23000 | 1000 | 1000 | 0 | 0 | 0 | 23000 | RECONCILED
325 | 1 | 1000 | 1000 | 23000 | 1000 | 1000 | 0 | 0 | 0 | 23000 | RECONCILED
326 | 1 | 1000 | 1000 | 23000 | 1000 | 1000 | 0 | 0 | 0 | 23000 | RECONCILED
327 | 1 | 1000 | 1000 | 23000 | 1000 | 1000 | 0 | 0 | 0 | 23000 | RECONCILED
328 | 1 | 1000 | 1000 | 23000 | 1000 | 1000 | 0 | 0 | 0 | 23000 | RECONCILED
329 | 1 | 1000 | 1000 | 23000 | 1000 | 1000 | 0 | 0 | 0 | 23000 | RECONCILED
330 | 1 | 1000 | 1000 | 23000 | 1000 | 1000 | 0 | 0 | 0 | 23000 | RECONCILED
331 | 1 | 1000 | 1000 | 23000 | 1000 | 1000 | 0 | 0 | 0 | 23000 | RECONCILED
332 | 1 | 1000 | 1000 | 23000 | 1000 | 1000 | 0 | 0 | 0 | 23000 | RECONCILED
333 | 1 | 1000 | 1000 | 23000 | 1000 | 1000 | 0 | 0 | 0 | 23000 | RECONCILED
334 | 1 | 1000 | 1000 | 23000 | 1000 | 1000 | 0 | 0 | 0 | 23000 | RECONCILED
335 | 1 | 1000 | 1000 | 23000 | 1000 | 1000 | 0 | 0 | 0 | 23000 | RECONCILED
336 | 1 | 1000 | 1000 | 23000 | 1000 | 1000 | 0 | 0 | 0 | 23000 | RECONCILED
337 | 1 | 1000 | 1000 | 23000 | 1000 | 1000 | 0 | 0 | 0 | 23000 | RECONCILED
338 | 1 | 1000 | 1000 | 23000 | 1000 | 1000 | 0 | 0 | 0 | 23000 | RECONCILED
339 | 1 | 1000 | 1000 | 23000 | 1000 | 1000 | 0 | 0 | 0 | 23000 | RECONCILED
340 | 1 | 1000 | 1000 | 23000 | 1000 | 1000 | 0 | 0 | 0 | 23000 | RECONCILED
341 | 1 | 1000 | 1000 | 23000 | 1000 | 1000 | 0 | 0 | 0 | 23000 | RECONCILED
342 | 1 | 1000 | 1000 | 23000 | 1000 | 1000 | 0 | 0 | 0 | 23000 | RECONCILED
343 | 1 | 1000 | 1000 | 23000 | 1000 | 1000 | 0 | 0 | 0 | 23000 | RECONCILED
344 | 1 | 1000 | 1000 | 23000 | 1000 | 1000 | 0 | 0 | 0 | 23000 | RECONCILED
345 | 1 | 1000 | 1000 | 23000 | 1000 | 1000 | 0 | 0 | 0 | 23000 | RECONCILED
346 | 1 | 1000 | 1000 | 23000 | 1000 | 1000 | 0 | 0 | 0 | 23000 | RECONCILED
347 | 1 | 1000 | 1000 | 23000 | 1000 | 1000 | 0 | 0 | 0 | 23000 | RECONCILED
348 | 1 | 1000 | 1000 | 23000 | 1000 | 1000 | 0 | 0 | 0 | 23000 | RECONCILED
349 | 1 | 1000 | 1000 | 23000 | 1000 | 1000 | 0 | 0 | 0 | 23000 | RECONCILED
350 | 1 | 1000 | 1000 | 23000 | 1000 | 1000 | 0 | 0 | 0 | 23000 | RECONCILED
351 | 1 | 1000 | 1000 | 23000 | 1000 | 1000 | 0 | 0 | 0 | 23000 | RECONCILED
352 | 1 | 1000 | 1000 | 23000 | 1000 | 1000 | 0 | 0 | 0 | 23000 | RECONCILED
353 | 1 | 1000 | 1000 | 23000 | 1000 | 1000 | 0 | 0 | 0 | 23000 | RECONCILED
354 | 1 | 1000 | 1000 | 23000 | 1000 | 1000 | 0 | 0 | 0 | 23000 | RECONCILED
355 | 1 | 1000 | 1000 | 23000 | 1000 | 1000 | 0 | 0 | 0 | 23000 | RECONCILED
356 | 1 | 1000 | 1000 | 23000 | 1000 | 1000 | 0 | 0 | 0 | 23000 | RECONCILED
357 | 1 | 1000 | 1000 | 23000 | 1000 | 1000 | 0 | 0 | 0 | 23000 | RECONCILED
358 | 1 | 1000 | 1000 | 23000 | 1000 | 1000 | 0 | 0 | 0 | 23000 | RECONCILED
359 | 1 | 1000 | 1000 | 23000 | 1000 | 1000 | 0 | 0 | 0 | 23000 | RECONCILED
360 | 1 | 1000 | 1000 | 23000 | 1000 | 1000 | 0 | 0 | 0 | 23000 | RECONCILED
361 | 1 | 1000 | 1000 | 23000 | 1000 | 1000 | 0 | 0 | 0 | 23000 | RECONCILED
362 | 1 | 1000 | 1000 | 23000 | 1000 | 1000 | 0 | 0 | 0 | 23000 | RECONCILED
363 | 1 | 1000 | 1000 | 23000 | 1000 | 1000 | 0 | 0 | 0 | 23000 | RECONCILED
364 | 1 | 1000 | 1000 | 23000 | 1000 | 1000 | 0 | 0 | 0 | 23000 | RECONCILED
365 | 1 | 1000 | 1000 | 23000 | 1000 | 1000 | 0 | 0 | 0 | 23000 | RECONCILED
366 | 1 | 1000 | 1000 | 23000 | 1000 | 1000 | 0 | 0 | 0 | 23000 | RECONCILED
367 | 1 | 1000 | 1000 | 23000 | 1000 | 1000 | 0 | 0 | 0 | 23000 | RECONCILED
368 | 1 | 1000 | 1000 | 23000 | 1000 | 1000 | 0 | 0 | 0 | 23000 | RECONCILED
369 | 1 | 1000 | 1000 | 23000 | 1000 | 1000 | 0 | 0 | 0 | 23000 | RECONCILED
370 | 1 | 1000 | 1000 | 23000 | 1000 | 1000 | 0 | 0 | 0 | 23000 | RECONCILED
371 | 1 | 1000 | 1000 | 23000 | 1000 | 1000 | 0 | 0 | 0 | 23000 | RECONCILED
372 | 1 | 1000 | 1000 | 23000 | 1000 | 1000 | 0 | 0 | 0 | 23000 | RECONCILED
373 | 1 | 1000 | 1000 | 23000 | 1000 | 1000 | 0 | 0 | 0 | 23000 | RECONCILED
374 | 1 | 1000 | 1000 | 23000 | 1000 | 1000 | 0 | 0 | 0 | 23000 | RECONCILED
375 | 1 | 1000 | 1000 | 23000 | 1000 | 1000 | 0 | 0 | 0 | 23000 | RECONCILED
376 | 1 | 1000 | 1000 | 23000 | 1000 | 1000 | 0 | 0 | 0 | 23000 | RECONCILED
377 | 1 | 1000 | 1000 | 23000 | 1000 | 1000 | 0 | 0 | 0 | 23000 | RECONCILED
378 | 1 | 1000 | 1000 | 23000 | 1000 | 1000 | 0 | 0 | 0 | 23000 | RECONCILED
379 | 1 | 1000 | 1000 | 23000 | 1000 | 1000 | 0 | 0 | 0 | 23000 | RECONCILED
380 | 1 | 1000 | 1000 | 23000 | 1000 | 1000 | 0 | 0 | 0 | 23000 | RECONCILED
381 | 1 | 1000 | 1000 | 23000 | 1000 | 1000 | 0 | 0 | 0 | 23000 | RECONCILED
382 | 1 | 1000 | 1000 | 23000 | 1000 | 1000 | 0 | 0 | 0 | 23000 | RECONCILED
383 | 1 | 1000 | 1000 | 23000 | 1000 | 1000 | 0 | 0 | 0 | 23000 | RECONCILED
384 | 1 | 1000 | 1000 | 23000 | 1000 | 1000 | 0 | 0 | 0 | 23000 | RECONCILED
385 | 1 | 1000 | 1000 | 23000 | 1000 | 1000 | 0 | 0 | 0 | 23000 | RECONCILED
386 | 1 | 1000 | 1000 | 23000 | 1000 | 1000 | 0 | 0 | 0 | 23000 | RECONCILED
387 | 1 | 1000 | 1000 | 23000 | 1000 | 1000 | 0 | 0 | 0 | 23000 | RECONCILED
388 | 1 | 1000 | 1000 | 23000 | 1000 | 1000 | 0 | 0 | 0 | 23000 | RECONCILED
389 | 1 | 1000 | 1000 | 23000 | 1000 | 1000 | 0 | 0 | 0 | 23000 | RECONCILED
390 | 1 | 1000 | 1000 | 23000 | 1000 | 1000 | 0 | 0 | 0 | 23000 | RECONCILED
391 | 1 | 1000 | 1000 | 23000 | 1000 | 1000 | 0 | 0 | 0 | 23000 | RECONCILED
392 | 1 | 1000 | 1000 | 23000 | 1000 | 1000 | 0 | 0 | 0 | 23000 | RECONCILED
393 | 1 | 1000 | 1000 | 23000 | 1000 | 1000 | 0 | 0 | 0 | 23000 | RECONCILED
394 | 1 | 1000 | 1000 | 23000 | 1000 | 1000 | 0 | 0 | 0 | 23000 | RECONCILED
395 | 1 | 1000 | 1000 | 23000 | 1000 | 1000 | 0 | 0 | 0 | 23000 | RECONCILED
396 | 1 | 1000 | 1000 | 23000 | 1000 | 1000 | 0 | 0 | 0 | 23000 | RECONCILED
397 | 1 | 1000 | 1000 | 23000 | 1000 | 1000 | 0 | 0 | 0 | 23000 | RECONCILED
398 | 1 | 1000 | 1000 | 23000 | 1000 | 1000 | 0 | 0 | 0 | 23000 | RECONCILED
399 | 1 | 1000 | 1000 | 23000 | 1000 | 1000 | 0 | 0 | 0 | 23000 | RECONCILED
400 | 1 | 1000 | 1000 | 23000 | 1000 | 1000 | 0 | 0 | 0 | 23000 | RECONCILED
401 | 1 | 1000 | 1000 | 23000 | 1000 | 1000 | 0 | 0 | 0 | 23000 | RECONCILED
402 | 1 | 1000 | 1000 | 23000 | 1000 | 1000 | 0 | 0 | 0 | 23000 | RECONCILED
403 | 1 | 1000 | 1000 | 23000 | 1000 | 1000 | 0 | 0 | 0 | 23000 | RECONCILED
404 | 1 | 1000 | 1000 | 23000 | 1000 | 1000 | 0 | 0 | 0 | 23000 | RECONCILED
405 | 1 | 1000 | 1000 | 23000 | 1000 | 1000 | 0 | 0 | 0 | 23000 | RECONCILED
406 | 1 | 1000 | 1000 | 23000 | 1000 | 1000 | 0 | 0 | 0 | 23000 | RECONCILED
407 | 1 | 1000 | 1000 | 23000 | 1000 | 1000 | 0 | 0 | 0 | 23000 | RECONCILED
408 | 1 | 1000 | 1000 | 23000 | 1000 | 1000 | 0 | 0 | 0 | 23000 | RECONCILED
409 | 1 | 1000 | 1000 | 23000 | 1000 | 1000 | 0 | 0 | 0 | 23000 | RECONCILED
410 | 1 | 1000 | 1000 | 23000 | 1000 | 1000 | 0 | 0 | 0 | 23000 | RECONCILED
411 | 1 | 1000 | 1000 | 23000 | 1000 | 1000 | 0 | 0 | 0 | 23000 | RECONCILED
412 | 1 | 1000 | 1000 | 23000 | 1000 | 1000 | 0 | 0 | 0 | 23000 | RECONCILED
413 | 1 | 1000 | 1000 | 23000 | 1000 | 1000 | 0 | 0 | 0 | 23000 | RECONCILED
414 | 1 | 1000 | 1000 | 23000 | 1000 | 1000 | 0 | 0 | 0 | 23000 | RECONCILED
415 | 1 | 1000 | 1000 | 23000 | 1000 | 1000 | 0 | 0 | 0 | 23000 | RECONCILED
416 | 1 | 1000 | 1000 | 23000 | 1000 | 1000 | 0 | 0 | 0 | 23000 | RECONCILED
417 | 1 | 1000 | 1000 | 23000 | 1000 | 1000 | 0 | 0 | 0 | 23000 | RECONCILED
418 | 1 | 1000 | 1000 | 23000 | 1000 | 1000 | 0 | 0 | 0 | 23000 | RECONCILED
419 | 1 | 1000 | 1000 | 23000 | 1000 | 1000 | 0 | 0 | 0 | 23000 | RECONCILED
420 | 1 | 1000 | 1000 | 23000 | 1000 | 1000 | 0 | 0 | 0 | 23000 | RECONCILED
421 | 1 | 1000 | 1000 | 23000 | 1000 | 1000 | 0 | 0 | 0 | 23000 | RECONCILED
422 | 1 | 1000 | 1000 | 23000 | 1000 | 1000 | 0 | 0 | 0 | 23000 | RECONCILED
423 | 1 | 1000 | 1000 | 23000 | 1000 | 1000 | 0 | 0 | 0 | 23000 | RECONCILED
424 | 1 | 1000 | 1000 | 23000 | 1000 | 1000 | 0 | 0 | 0 | 23000 | RECONCILED
425 | 1 | 1000 | 1000 | 23000 | 1000 | 1000 | 0 | 0 | 0 | 23000 | RECONCILED
426 | 1 | 1000 | 1000 | 23000 | 1000 | 1000 | 0 | 0 | 0 | 23000 | RECONCILED
427 | 1 | 1000 | 1000 | 23000 | 1000 | 1000 | 0 | 0 | 0 | 23000 | RECONCILED
428 | 1 | 1000 | 1000 | 23000 | 1000 | 1000 | 0 | 0 | 0 | 23000 | RECONCILED
429 | 1 | 1000 | 1000 | 23000 | 1000 | 1000 | 0 | 0 | 0 | 23000 | RECONCILED
430 | 1 | 1000 | 1000 | 23000 | 1000 | 1000 | 0 | 0 | 0 | 23000 | RECONCILED
431 | 1 | 1000 | 1000 | 23000 | 1000 | 1000 | 0 | 0 | 0 | 23000 | RECONCILED
432 | 1 | 1000 | 1000 | 23000 | 1000 | 1000 | 0 | 0 | 0 | 23000 | RECONCILED
433 | 1 | 1000 | 1000 | 23000 | 1000 | 1000 | 0 | 0 | 0 | 23000 | RECONCILED
434 | 1 | 1000 | 1000 | 23000 | 1000 | 1000 | 0 | 0 | 0 | 23000 | RECONCILED
435 | 1 | 1000 | 1000 | 23000 | 1000 | 1000 | 0 | 0 | 0 | 23000 | RECONCILED
436 | 1 | 1000 | 1000 | 23000 | 1000 | 1000 | 0 | 0 | 0 | 23000 | RECONCILED
437 | 1 | 1000 | 1000 | 23000 | 1000 | 1000 | 0 | 0 | 0 | 23000 | RECONCILED
438 | 1 | 1000 | 1000 | 23000 | 1000 | 1000 | 0 | 0 | 0 | 23000 | RECONCILED
439 | 1 | 1000 | 1000 | 23000 | 1000 | 1000 | 0 | 0 | 0 | 23000 | RECONCILED
440 | 1 | 1000 | 1000 | 23000 | 1000 | 1000 | 0 | 0 | 0 | 23000 | RECONCILED
441 | 1 | 1000 | 1000 | 23000 | 1000 | 1000 | 0 | 0 | 0 | 23000 | RECONCILED
442 | 1 | 1000 | 1000 | 23000 | 1000 | 1000 | 0 | 0 | 0 | 23000 | RECONCILED
443 | 1 | 1000 | 1000 | 23000 | 1000 | 1000 | 0 | 0 | 0 | 23000 | RECONCILED
444 | 1 | 1000 | 1000 | 23000 | 1000 | 1000 | 0 | 0 | 0 | 23000 | RECONCILED
445 | 1 | 1000 | 1000 | 23000 | 1000 | 1000 | 0 | 0 | 0 | 23000 | RECONCILED
446 | 1 | 1000 | 1000 | 23000 | 1000 | 1000 | 0 | 0 | 0 | 23000 | RECONCILED
447 | 1 | 1000 | 1000 | 23000 | 1000 | 1000 | 0 | 0 | 0 | 23000 | RECONCILED
448 | 1 | 1000 | 1000 | 23000 | 1000 | 1000 | 0 | 0 | 0 | 23000 | RECONCILED
449 | 1 | 1000 | 1000 | 23000 | 1000 | 1000 | 0 | 0 | 0 | 23000 | RECONCILED
450 | 1 | 1000 | 1000 | 23000 | 1000 | 1000 | 0 | 0 | 0 | 23000 | RECONCILED
451 | 1 | 1000 | 1000 | 23000 | 1000 | 1000 | 0 | 0 | 0 | 23000 | RECONCILED
452 | 1 | 1000 | 1000 | 23000 | 1000 | 1000 | 0 | 0 | 0 | 23000 | RECONCILED
453 | 1 | 1000 | 1000 | 23000 | 1000 | 1000 | 0 | 0 | 0 | 23000 | RECONCILED
454 | 1 | 1000 | 1000 | 23000 | 1000 | 1000 | 0 | 0 | 0 | 23000 | RECONCILED
455 | 1 | 1000 | 1000 | 23000 | 1000 | 1000 | 0 | 0 | 0 | 23000 | RECONCILED
456 | 1 | 1000 | 1000 | 23000 | 1000 | 1000 | 0 | 0 | 0 | 23000 | RECONCILED
457 | 1 | 1000 | 1000 | 23000 | 1000 | 1000 | 0 | 0 | 0 | 23000 | RECONCILED
458 | 1 | 1000 | 1000 | 23000 | 1000 | 1000 | 0 | 0 | 0 | 23000 | RECONCILED
459 | 1 | 1000 | 1000 | 23000 | 1000 | 1000 | 0 | 0 | 0 | 23000 | RECONCILED
460 | 1 | 1000 | 1000 | 23000 | 1000 | 1000 | 0 | 0 | 0 | 23000 | RECONCILED
461 | 1 | 1000 | 1000 | 23000 | 1000 | 1000 | 0 | 0 | 0 | 23000 | RECONCILED
462 | 1 | 1000 | 1000 | 23000 | 1000 | 1000 | 0 | 0 | 0 | 23000 | RECONCILED
463 | 1 | 1000 | 1000 | 23000 | 1000 | 1000 | 0 | 0 | 0 | 23000 | RECONCILED
464 | 1 | 1000 | 1000 | 23000 | 1000 | 1000 | 0 | 0 | 0 | 23000 | RECONCILED
465 | 1 | 1000 | 1000 | 23000 | 1000 | 1000 | 0 | 0 | 0 | 23000 | RECONCILED
466 | 1 | 1000 | 1000 | 23000 | 1000 | 1000 | 0 | 0 | 0 | 23000 | RECONCILED
467 | 1 | 1000 | 1000 | 23000 | 1000 | 1000 | 0 | 0 | 0 | 23000 | RECONCILED
468 | 1 | 1000 | 1000 | 23000 | 1000 | 1000 | 0 | 0 | 0 | 23000 | RECONCILED
469 | 1 | 1000 | 1000 | 23000 | 1000 | 1000 | 0 | 0 | 0 | 23000 | RECONCILED
470 | 1 | 1000 | 1000 | 23000 | 1000 | 1000 | 0 | 0 | 0 | 23000 | RECONCILED
471 | 1 | 1000 | 1000 | 23000 | 1000 | 1000 | 0 | 0 | 0 | 23000 | RECONCILED
472 | 1 | 1000 | 1000 | 23000 | 1000 | 1000 | 0 | 0 | 0 | 23000 | RECONCILED
473 | 1 | 1000 | 1000 | 23000 | 1000 | 1000 | 0 | 0 | 0 | 23000 | RECONCILED
474 | 1 | 1000 | 1000 | 23000 | 1000 | 1000 | 0 | 0 | 0 | 23000 | RECONCILED
475 | 1 | 1000 | 1000 | 23000 | 1000 | 1000 | 0 | 0 | 0 | 23000 | RECONCILED
476 | 1 | 1000 | 1000 | 23000 | 1000 | 1000 | 0 | 0 | 0 | 23000 | RECONCILED
477 | 1 | 1000 | 1000 | 23000 | 1000 | 1000 | 0 | 0 | 0 | 23000 | RECONCILED
478 | 1 | 1000 | 1000 | 23000 | 1000 | 1000 | 0 | 0 | 0 | 23000 | RECONCILED
479 | 1 | 1000 | 1000 | 23000 | 1000 | 1000 | 0 | 0 | 0 | 23000 | RECONCILED
480 | 1 | 1000 | 1000 | 23000 | 1000 | 1000 | 0 | 0 | 0 | 23000 | RECONCILED
481 | 1 | 1000 | 1000 | 23000 | 1000 | 1000 | 0 | 0 | 0 | 23000 | RECONCILED
482 | 1 | 1000 | 1000 | 23000 | 1000 | 1000 | 0 | 0 | 0 | 23000 | RECONCILED
483 | 1 | 1000 | 1000 | 23000 | 1000 | 1000 | 0 | 0 | 0 | 23000 | RECONCILED
484 | 1 | 1000 | 1000 | 23000 | 1000 | 1000 | 0 | 0 | 0 | 23000 | RECONCILED
485 | 1 | 1000 | 1000 | 23000 | 1000 | 1000 | 0 | 0 | 0 | 23000 | RECONCILED
486 | 1 | 1000 | 1000 | 23000 | 1000 | 1000 | 0 | 0 | 0 | 23000 | RECONCILED
487 | 1 | 1000 | 1000 | 23000 | 1000 | 1000 | 0 | 0 | 0 | 23000 | RECONCILED
488 | 1 | 1000 | 1000 | 23000 | 1000 | 1000 | 0 | 0 | 0 | 23000 | RECONCILED
489 | 1 | 1000 | 1000 | 23000 | 1000 | 1000 | 0 | 0 | 0 | 23000 | RECONCILED
490 | 1 | 1000 | 1000 | 23000 | 1000 | 1000 | 0 | 0 | 0 | 23000 | RECONCILED
491 | 1 | 1000 | 1000 | 23000 | 1000 | 1000 | 0 | 0 | 0 | 23000 | RECONCILED
492 | 1 | 1000 | 1000 | 23000 | 1000 | 1000 | 0 | 0 | 0 | 23000 | RECONCILED
493 | 1 | 1000 | 1000 | 23000 | 1000 | 1000 | 0 | 0 | 0 | 23000 | RECONCILED
494 | 1 | 1000 | 1000 | 23000 | 1000 | 1000 | 0 | 0 | 0 | 23000 | RECONCILED
495 | 1 | 1000 | 1000 | 23000 | 1000 | 1000 | 0 | 0 | 0 | 23000 | RECONCILED
496 | 1 | 1000 | 1000 | 23000 | 1000 | 1000 | 0 | 0 | 0 | 23000 | RECONCILED
497 | 1 | 1000 | 1000 | 23000 | 1000 | 1000 | 0 | 0 | 0 | 23000 | RECONCILED
498 | 1 | 1000 | 1000 | 23000 | 1000 | 1000 | 0 | 0 | 0 | 23000 | RECONCILED
499 | 1 | 1000 | 1000 | 23000 | 1000 | 1000 | 0 | 0 | 0 | 23000 | RECONCILED
500 | 1 | 1000 | 1000 | 23000 | 1000 | 1000 | 0 | 0 | 0 | 23000 | RECONCILED
501 | 1 | 1000 | 1000 | 23000 | 1000 | 1000 | 0 | 0 | 0 | 23000 | RECONCILED
502 | 1 | 1000 | 1000 | 23000 | 1000 | 1000 | 0 | 0 | 0 | 23000 | RECONCILED
503 | 1 | 1000 | 1000 | 23000 | 1000 | 1000 | 0 | 0 | 0 | 23000 | RECONCILED
504 | 1 | 1000 | 1000 | 23000 | 1000 | 1000 | 0 | 0 | 0 | 23000 | RECONCILED
505 | 1 | 1000 | 1000 | 23000 | 1000 | 1000 | 0 | 0 | 0 | 23000 | RECONCILED
506 | 1 | 1000 | 1000 | 23000 | 1000 | 1000 | 0 | 0 | 0 | 23000 | RECONCILED
507 | 1 | 1000 | 1000 | 23000 | 1000 | 1000 | 0 | 0 | 0 | 23000 | RECONCILED
508 | 1 | 1000 | 1000 | 23000 | 1000 | 1000 | 0 | 0 | 0 | 23000 | RECONCILED
509 | 1 | 1000 | 1000 | 23000 | 1000 | 1000 | 0 | 0 | 0 | 23000 | RECONCILED
510 | 1 | 1000 | 1000 | 23000 | 1000 | 1000 | 0 | 0 | 0 | 23000 | RECONCILED
511 | 1 | 1000 | 1000 | 23000 | 1000 | 1000 | 0 | 0 | 0 | 23000 | RECONCILED
512 | 1 | 1000 | 1000 | 23000 | 1000 | 1000 | 0 | 0 | 0 | 23000 | RECONCILED
513 | 1 | 1000 | 1000 | 23000 | 1000 | 1000 | 0 | 0 | 0 | 23000 | RECONCILED
514 | 1 | 1000 | 1000 | 23000 | 1000 | 1000 | 0 | 0 | 0 | 23000 | RECONCILED
515 | 1 | 1000 | 1000 | 23000 | 1000 | 1000 | 0 | 0 | 0 | 23000 | RECONCILED
516 | 1 | 1000 | 1000 | 23000 | 1000 | 1000 | 0 | 0 | 0 | 23000 | RECONCILED
517 | 1 | 1000 | 1000 | 23000 | 1000 | 1000 | 0 | 0 | 0 | 23000 | RECONCILED
518 | 1 | 1000 | 1000 | 23000 | 1000 | 1000 | 0 | 0 | 0 | 23000 | RECONCILED
519 | 1 | 1000 | 1000 | 23000 | 1000 | 1000 | 0 | 0 | 0 | 23000 | RECONCILED
520 | 1 | 1000 | 1000 | 23000 | 1000 | 1000 | 0 | 0 | 0 | 23000 | RECONCILED
521 | 1 | 1000 | 1000 | 23000 | 1000 | 1000 | 0 | 0 | 0 | 23000 | RECONCILED
522 | 1 | 1000 | 1000 | 23000 | 1000 | 1000 | 0 | 0 | 0 | 23000 | RECONCILED
523 | 1 | 1000 | 1000 | 23000 | 1000 | 1000 | 0 | 0 | 0 | 23000 | RECONCILED
524 | 1 | 1000 | 1000 | 23000 | 1000 | 1000 | 0 | 0 | 0 | 23000 | RECONCILED
525 | 1 | 1000 | 1000 | 23000 | 1000 | 1000 | 0 | 0 | 0 | 23000 | RECONCILED
526 | 1 | 1000 | 1000 | 23000 | 1000 | 1000 | 0 | 0 | 0 | 23000 | RECONCILED
527 | 1 | 1000 | 1000 | 23000 | 1000 | 1000 | 0 | 0 | 0 | 23000 | RECONCILED
528 | 1 | 1000 | 1000 | 23000 | 1000 | 1000 | 0 | 0 | 0 | 23000 | RECONCILED
totals: passes=527 refs_at_entry=527000 refs_returned=527000 bytes_returned=11958354 considered=527000 dropped=527000 matched_nothing=0 absent=0 restored_sum=0 bytes_freed=11958354
last-row metric check: removed_refs_observed_total=527000 considered_total=527000 MATCH
reconciliation=RECONCILED

SectionD: claim-lag distribution over 3116 conjunct line(s)
max_claim_lag_max=1
claim_lag_p50: min=0 median=0 max=1
claim_lag_p99: min=0 median=0 max=1
max_claims=1
durable_watermark_lag: max=3 last=2

SectionE: footprint reconstruction
rows_within_2pct=203/240

READOUT: O2; retained_closed_epochs=1; reconciliation=RECONCILED
